!本文件中99号（刚性杆）截面和20号截面（顶环梁）一样
!本文件定义各杆件的截面特性 
!R        实常数号   AREA           IZZ             IYY             TKZ          TKY             THETA  
!RMORE               ISTRN          IXX            SHEARZ         SHEARY
R,           1,    0.01800000,    0.00000540,    0.00013500,    0.08660254,    0.01732051,    0.00000000,
RMORE,             0.00000000,    0.00001800,    0.00000000,    0.00000000,    0.00000000,    0.00000000,
R,           4,    0.00297000,    0.00001330,    0.00001330,    0.06691872,    0.06691872,    0.00000000,
RMORE,             0.00000000,    0.00002600,    2.00811362,    2.00811362,    0.00000000,    0.00000000,
R,           5,    0.00297000,    0.00001330,    0.00001330,    0.06691872,    0.06691872,    0.00000000,
RMORE,             0.00000000,    0.00002600,    2.00811362,    2.00811362,    0.00000000,    0.00000000,
R,           6,    0.01130000,    0.00000945,    0.00022800,    0.14204574,    0.02891856,    0.00000000,
RMORE,             0.00000000,    0.00000200,    0.00000000,    0.00000000,    0.00000000,    0.00000000,
R,           7,    0.01290000,    0.00001290,    0.00027600,    0.14627148,    0.03162277,    0.00000000,
RMORE,             0.00000000,    0.00000200,    0.00000000,    0.00000000,    0.00000000,    0.00000000,
R,           8,    0.00700000,    0.00001040,    0.00015500,    0.14880475,    0.03854496,    0.00000000,
RMORE,             0.00000000,    0.00000000,    2.62270522,    1.94552541,    0.00000000,    0.00000000,
R,           9,    0.00305000,    0.00001000,    0.00001000,    0.05725983,    0.05725983,    0.00000000,
RMORE,             0.00000000,    0.00002000,    2.00525951,    2.00525951,    0.00000000,    0.00000000,
R,          10,    0.00253000,    0.00000568,    0.00000568,    0.04738206,    0.04738206,    0.00000000,
RMORE,             0.00000000,    0.00001100,    2.01112866,    2.01112866,    0.00000000,    0.00000000,
R,          11,    0.00293000,    0.00000649,    0.00000649,    0.04706397,    0.04706397,    0.00000000,
RMORE,             0.00000000,    0.00001300,    2.01098132,    2.01098132,    0.00000000,    0.00000000,
R,          14,    0.02040000,    0.00000612,    0.00019700,    0.09826934,    0.01732051,    0.00000000,
RMORE,             0.00000000,    0.00002200,    0.00000000,    0.00000000,    0.00000000,    0.00000000,
R,          15,    0.01920000,    0.00000576,    0.00016400,    0.09242114,    0.01732051,    0.00000000,
RMORE,             0.00000000,    0.00001900,    0.00000000,    0.00000000,    0.00000000,    0.00000000,
R,          20,    0.08720000,    0.01300000,    0.01300000,    0.38611212,    0.38611212,    0.00000000,
RMORE,             0.00000000,    0.02691900,    1.98484051,    1.98484051,    0.00000000,    0.00000000,
R,          21,    0.07890000,    0.01390000,    0.02600000,    0.57404792,    0.41972890,    0.00000000,
RMORE,             0.00000000,    0.02862300,    1.84173667,    3.32490516,    0.00000000,    0.00000000,
R,          51,    0.00578000,    0.00002450,    0.00002450,    0.06510571,    0.06510571,    0.00000000,
RMORE,             0.00000000,    0.00004900,    2.00764155,    2.00764155,    0.00000000,    0.00000000,
R,          52,    0.00332000,    0.00000725,    0.00000725,    0.04673045,    0.04673045,    0.00000000,
RMORE,             0.00000000,    0.00001400,    2.00968528,    2.00968528,    0.00000000,    0.00000000,
R,          53,    0.00212000,    0.00000484,    0.00000484,    0.04778095,    0.04778095,    0.00000000,
RMORE,             0.00000000,    0.00001000,    2.00757575,    2.00757575,    0.00000000,    0.00000000,
R,          54,    0.00686000,    0.00002850,    0.00002850,    0.06445556,    0.06445556,    0.00000000,
RMORE,             0.00000000,    0.00005700,    2.00702167,    2.00702167,    0.00000000,    0.00000000,
R,          70,    0.01130000,    0.00002130,    0.00047100,    0.20416027,    0.04341608,    0.00000000,
RMORE,             0.00000000,    0.00000100,    2.37145853,    2.11888266,    0.00000000,    0.00000000,
R,          73,    0.01432000,    0.00005214,    0.00061941,    0.20797000,    0.06033842,    0.00000000,
RMORE,             0.00000000,    0.00000154,    3.31481481,    1.43200000,    0.00000000,    0.00000000,
R,          74,    0.02060000,    0.00007810,    0.00057700,    0.16736102,    0.06157323,    0.00000000,
RMORE,             0.00000000,    0.00000500,    3.88605928,    1.64800000,    0.00000000,    0.00000000,
R,          75,    0.01432000,    0.00005214,    0.00061941,    0.20797000,    0.06033842,    0.00000000,
RMORE,             0.00000000,    0.00000154,    3.31481481,    1.43200000,    0.00000000,    0.00000000,
R,          76,    0.01432000,    0.00005214,    0.00061941,    0.20797000,    0.06033842,    0.00000000,
RMORE,             0.00000000,    0.00000154,    3.31481481,    1.43200000,    0.00000000,    0.00000000,
R,          81,    0.00960000,    0.00000691,    0.00017400,    0.13462912,    0.02682893,    0.00000000,
RMORE,             0.00000000,    0.00000100,    0.00000000,    0.00000000,    0.00000000,    0.00000000,
R,          82,    0.01050000,    0.00000878,    0.00019800,    0.13732131,    0.02891696,    0.00000000,
RMORE,             0.00000000,    0.00000100,    0.00000000,    0.00000000,    0.00000000,    0.00000000,
R,          83,    0.01600000,    0.00002070,    0.00034900,    0.14769055,    0.03596874,    0.00000000,
RMORE,             0.00000000,    0.00000500,    0.00000000,    0.00000000,    0.00000000,    0.00000000,
R,          84,    0.01470000,    0.00002060,    0.00033800,    0.15163508,    0.03743475,    0.00000000,
RMORE,             0.00000000,    0.00000500,    0.00000000,    0.00000000,    0.00000000,    0.00000000,
R,          85,    0.01470000,    0.00002060,    0.00033800,    0.15163508,    0.03743475,    0.00000000,
RMORE,             0.00000000,    0.00000500,    0.00000000,    0.00000000,    0.00000000,    0.00000000,
R,          86,    0.00824000,    0.00000684,    0.00015800,    0.13847294,    0.02881140,    0.00000000,
RMORE,             0.00000000,    0.00000000,    0.00000000,    0.00000000,    0.00000000,    0.00000000,
R,          87,    0.00824000,    0.00000684,    0.00015800,    0.13847294,    0.02881140,    0.00000000,
RMORE,             0.00000000,    0.00000000,    0.00000000,    0.00000000,    0.00000000,    0.00000000,
R,          88,    0.00824000,    0.00000684,    0.00015800,    0.13847294,    0.02881140,    0.00000000,
RMORE,             0.00000000,    0.00000000,    0.00000000,    0.00000000,    0.00000000,    0.00000000,
R,          89,    0.00824000,    0.00000684,    0.00015800,    0.13847294,    0.02881140,    0.00000000,
RMORE,             0.00000000,    0.00000000,    0.00000000,    0.00000000,    0.00000000,    0.00000000,
R,          90,    0.00212000,    0.00000484,    0.00000484,    0.04778095,    0.04778095,    0.00000000,
RMORE,             0.00000000,    0.00001000,    2.00757575,    2.00757575,    0.00000000,    0.00000000,
R,          91,    0.00402000,    0.00001290,    0.00001290,    0.05664764,    0.05664764,    0.00000000,
RMORE,             0.00000000,    0.00002600,    2.00698948,    2.00698948,    0.00000000,    0.00000000,
R,          92,    0.00332000,    0.00000725,    0.00000725,    0.04673045,    0.04673045,    0.00000000,
RMORE,             0.00000000,    0.00001400,    2.00968528,    2.00968528,    0.00000000,    0.00000000,
R,          99,    0.08720000,    0.01300000,    0.01300000,    0.38611212,    0.38611212,    0.00000000,
RMORE,             0.00000000,    0.02691900,    1.98484051,    1.98484051,    0.00000000,    0.00000000,
R,         100,    6.59999990,    5.98999977,    2.20000005,    0.57735026,    0.95266771,    0.00000000,
RMORE,             0.00000000,    5.80800009,    0.00000000,    0.00000000,    0.00000000,    0.00000000,
R,         101,    6.65999985,    6.13999987,    2.22000003,    0.57735026,    0.96016765,    0.00000000,
RMORE,             0.00000000,    5.85688877,    0.00000000,    0.00000000,    0.00000000,    0.00000000,
R,         102,    6.71000004,    6.30000019,    2.24000001,    0.57778031,    0.96896708,    0.00000000,
RMORE,             0.00000000,    5.90577793,    0.00000000,    0.00000000,    0.00000000,    0.00000000,
R,         103,    6.76999998,    6.46000004,    2.25999999,    0.57777649,    0.97683662,    0.00000000,
RMORE,             0.00000000,    5.95466709,    0.00000000,    0.00000000,    0.00000000,    0.00000000,
R,         104,    6.82000017,    6.61999989,    2.26999998,    0.57692683,    0.98522812,    0.00000000,
RMORE,             0.00000000,    6.00355482,    0.00000000,    0.00000000,    0.00000000,    0.00000000,
R,         105,    6.88000011,    6.78000021,    2.28999996,    0.57693052,    0.99270594,    0.00000000,
RMORE,             0.00000000,    6.05244398,    0.00000000,    0.00000000,    0.00000000,    0.00000000,
R,         106,    6.92999983,    6.94000006,    2.30999994,    0.57735026,    1.00072122,    0.00000000,
RMORE,             0.00000000,    6.10133314,    0.00000000,    0.00000000,    0.00000000,    0.00000000,
R,         107,    6.98999977,    7.11000013,    2.32999992,    0.57735026,    1.00854719,    0.00000000,
RMORE,             0.00000000,    6.15022182,    0.00000000,    0.00000000,    0.00000000,    0.00000000,
R,         108,    7.03999996,    7.28000021,    2.34999990,    0.57776016,    1.01690257,    0.00000000,
RMORE,             0.00000000,    6.19911098,    0.00000000,    0.00000000,    0.00000000,    0.00000000,
R,         109,    7.09999990,    7.46000004,    2.36999989,    0.57775670,    1.02503860,    0.00000000,
RMORE,             0.00000000,    6.24800014,    0.00000000,    0.00000000,    0.00000000,    0.00000000,
R,         110,    7.15999985,    7.63000011,    2.39000010,    0.57775331,    1.03229964,    0.00000000,
RMORE,             0.00000000,    6.29688883,    0.00000000,    0.00000000,    0.00000000,    0.00000000,
R,         111,    7.21000004,    7.80999994,    2.40000010,    0.57694978,    1.04077744,    0.00000000,
RMORE,             0.00000000,    6.34577799,    0.00000000,    0.00000000,    0.00000000,    0.00000000,
R,         112,    7.26999998,    7.98999977,    2.42000008,    0.57695305,    1.04834974,    0.00000000,
RMORE,             0.00000000,    6.39466619,    0.00000000,    0.00000000,    0.00000000,    0.00000000,
R,         113,    7.32000017,    8.18000031,    2.44000006,    0.57735026,    1.05711222,    0.00000000,
RMORE,             0.00000000,    6.44355488,    0.00000000,    0.00000000,    0.00000000,    0.00000000,
R,         114,    7.38000011,    8.36999989,    2.46000004,    0.57735026,    1.06496310,    0.00000000,
RMORE,             0.00000000,    6.49244404,    0.00000000,    0.00000000,    0.00000000,    0.00000000,
R,         115,    7.42999983,    8.56000042,    2.48000002,    0.57773870,    1.07335281,    0.00000000,
RMORE,             0.00000000,    6.54133320,    0.00000000,    0.00000000,    0.00000000,    0.00000000,
R,         116,    7.48999977,    8.75000000,    2.50000000,    0.57773554,    1.08084428,    0.00000000,
RMORE,             0.00000000,    6.59022188,    0.00000000,    0.00000000,    0.00000000,    0.00000000,
R,         117,    7.53999996,    8.94999981,    2.51999998,    0.57811546,    1.08949649,    0.00000000,
RMORE,             0.00000000,    6.63911104,    0.00000000,    0.00000000,    0.00000000,    0.00000000,
R,         118,    7.59999990,    9.14999962,    2.52999997,    0.57697028,    1.09724534,    0.00000000,
RMORE,             0.00000000,    6.68800020,    0.00000000,    0.00000000,    0.00000000,    0.00000000,
R,         119,    7.65999985,    9.35000038,    2.54999995,    0.57697326,    1.10481977,    0.00000000,
RMORE,             0.00000000,    6.73688889,    0.00000000,    0.00000000,    0.00000000,    0.00000000,
R,         120,    7.71000004,    9.55000019,    2.56999993,    0.57735026,    1.11294699,    0.00000000,
RMORE,             0.00000000,    6.78577805,    0.00000000,    0.00000000,    0.00000000,    0.00000000,
R,         121,    7.76999998,    9.76000023,    2.58999991,    0.57735026,    1.12076461,    0.00000000,
RMORE,             0.00000000,    6.83466578,    0.00000000,    0.00000000,    0.00000000,    0.00000000,
R,         122,    7.82000017,    9.97000027,    2.60999990,    0.57771927,    1.12913072,    0.00000000,
RMORE,             0.00000000,    6.88355494,    0.00000000,    0.00000000,    0.00000000,    0.00000000,
R,         123,    7.88000011,   10.19999981,    2.63000011,    0.57771653,    1.13772416,    0.00000000,
RMORE,             0.00000000,    6.93244410,    0.00000000,    0.00000000,    0.00000000,    0.00000000,
R,         124,    7.92999983,   10.39999962,    2.64000010,    0.57698613,    1.14519668,    0.00000000,
RMORE,             0.00000000,    6.98133278,    0.00000000,    0.00000000,    0.00000000,    0.00000000,
R,         125,    7.98999977,   10.60000038,    2.66000009,    0.57698888,    1.15180659,    0.00000000,
RMORE,             0.00000000,    7.03022194,    0.00000000,    0.00000000,    0.00000000,    0.00000000,
R,         126,    8.03999996,   10.89999962,    2.68000007,    0.57735026,    1.16435444,    0.00000000,
RMORE,             0.00000000,    7.07911110,    0.00000000,    0.00000000,    0.00000000,    0.00000000,
R,         127,    8.10000038,   11.10000038,    2.70000005,    0.57735026,    1.17062819,    0.00000000,
RMORE,             0.00000000,    7.12799978,    0.00000000,    0.00000000,    0.00000000,    0.00000000,
R,         128,    8.15999985,   11.30000019,    2.72000003,    0.57735026,    1.17677689,    0.00000000,
RMORE,             0.00000000,    7.17688894,    0.00000000,    0.00000000,    0.00000000,    0.00000000,
R,         129,    8.21000004,   11.50000000,    2.74000001,    0.57770175,    1.18352473,    0.00000000,
RMORE,             0.00000000,    7.22577810,    0.00000000,    0.00000000,    0.00000000,    0.00000000,
R,         130,    8.27000046,   11.80000019,    2.75999999,    0.57769918,    1.19450569,    0.00000000,
RMORE,             0.00000000,    7.27466583,    0.00000000,    0.00000000,    0.00000000,    0.00000000,
R,         131,    8.31999969,   12.00000000,    2.76999998,    0.57700318,    1.20096123,    0.00000000,
RMORE,             0.00000000,    7.32355499,    0.00000000,    0.00000000,    0.00000000,    0.00000000,
R,         132,    8.38000011,   12.30000019,    2.78999996,    0.57700568,    1.21151984,    0.00000000,
RMORE,             0.00000000,    7.37244511,    0.00000000,    0.00000000,    0.00000000,    0.00000000,
R,         133,    8.43000031,   12.50000000,    2.80999994,    0.57735026,    1.21770251,    0.00000000,
RMORE,             0.00000000,    7.42133284,    0.00000000,    0.00000000,    0.00000000,    0.00000000,
R,         134,    8.48999977,   12.69999981,    2.82999992,    0.57735026,    1.22306073,    0.00000000,
RMORE,             0.00000000,    7.47022200,    0.00000000,    0.00000000,    0.00000000,    0.00000000,
R,         135,    8.53999996,   13.00000000,    2.84999990,    0.57768822,    1.23379421,    0.00000000,
RMORE,             0.00000000,    7.51911116,    0.00000000,    0.00000000,    0.00000000,    0.00000000,
R,         136,    8.60000038,   13.30000019,    2.86999989,    0.57768583,    1.24358821,    0.00000000,
RMORE,             0.00000000,    7.56799984,    0.00000000,    0.00000000,    0.00000000,    0.00000000,
R,         140,    0.00297000,    0.00001330,    0.00001330,    0.06691872,    0.06691872,    0.00000000,
RMORE,             0.00000000,    0.00002600,    2.00811362,    2.00811362,    0.00000000,    0.00000000,
R,         150,    0.00297000,    0.00001330,    0.00001330,    0.06691872,    0.06691872,    0.00000000,
RMORE,             0.00000000,    0.00002600,    2.00811362,    2.00811362,    0.00000000,    0.00000000,
R,         304,    0.01090000,    0.00004190,    0.00004190,    0.06200029,    0.06200029,    0.00000000,
RMORE,             0.00000000,    0.00008300,    2.00146890,    2.00146890,    0.00000000,    0.00000000,
R,         305,    0.00686000,    0.00002850,    0.00002850,    0.06445556,    0.06445556,    0.00000000,
RMORE,             0.00000000,    0.00005700,    2.00702167,    2.00702167,    0.00000000,    0.00000000,
R,         306,    0.00354000,    0.00001570,    0.00001570,    0.06659601,    0.06659601,    0.00000000,
RMORE,             0.00000000,    0.00003100,    2.00566554,    2.00566554,    0.00000000,    0.00000000,
R,         307,    0.00578000,    0.00002450,    0.00002450,    0.06510571,    0.06510571,    0.00000000,
RMORE,             0.00000000,    0.00004900,    2.00764155,    2.00764155,    0.00000000,    0.00000000,
R,         308,    0.01500000,    0.00000450,    0.00007810,    0.07215723,    0.01732051,    0.00000000,
RMORE,             0.00000000,    0.00001900,    0.00000000,    0.00000000,    0.00000000,    0.00000000,
R,         309,    0.01920000,    0.00000576,    0.00016400,    0.09242114,    0.01732051,    0.00000000,
RMORE,             0.00000000,    0.00002000,    0.00000000,    0.00000000,    0.00000000,    0.00000000,
R,         310,    0.01500000,    0.00000450,    0.00007810,    0.07215723,    0.01732051,    0.00000000,
RMORE,             0.00000000,    0.00001900,    0.00000000,    0.00000000,    0.00000000,    0.00000000,
R,         311,    0.01200000,    0.00000360,    0.00004000,    0.05773503,    0.01732051,    0.00000000,
RMORE,             0.00000000,    0.00001500,    0.00000000,    0.00000000,    0.00000000,    0.00000000,
R,         312,    0.01200000,    0.00000360,    0.00004000,    0.05773503,    0.01732051,    0.00000000,
RMORE,             0.00000000,    0.00001500,    0.00000000,    0.00000000,    0.00000000,    0.00000000,
R,         450,    0.00950000,    0.00001670,    0.00032100,    0.18381913,    0.04192726,    0.00000000,
RMORE,             0.00000000,    0.00000100,    2.37975931,    2.05494261,    0.00000000,    0.00000000,
R,         460,    0.00440000,    0.00000419,    0.00005510,    0.11190499,    0.03085892,    0.00000000,
RMORE,             0.00000000,    0.00000000,    2.67965889,    1.91721129,    0.00000000,    0.00000000,
R,         800,    0.00776000,    0.00001030,    0.00005690,    0.08562987,    0.03643240,    0.00000000,
RMORE,             0.00000000,    0.00000000,    2.31572676,   84.34782410,    0.00000000,    0.00000000,
R,        1001,    0.00332000,    0.00000725,    0.00000725,    0.04673045,    0.04673045,    0.00000000,
RMORE,             0.00000000,    0.00001400,    2.00968528,    2.00968528,    0.00000000,    0.00000000,
R,        1002,    0.00212000,    0.00000484,    0.00000484,    0.04778095,    0.04778095,    0.00000000,
RMORE,             0.00000000,    0.00001000,    2.00757575,    2.00757575,    0.00000000,    0.00000000,
R,        2001,    0.01980000,    0.00000594,    0.00018000,    0.09534626,    0.01732051,    0.00000000,
RMORE,             0.00000000,    0.00001800,    0.00000000,    0.00000000,    0.00000000,    0.00000000,
R,        2012,    0.02700000,    0.00000810,    0.00045600,    0.12995726,    0.01732051,    0.00000000,
RMORE,             0.00000000,    0.00002900,    0.00000000,    0.00000000,    0.00000000,    0.00000000,
R,        2013,    0.02550000,    0.00000765,    0.00038400,    0.12271440,    0.01732051,    0.00000000,
RMORE,             0.00000000,    0.00002700,    0.00000000,    0.00000000,    0.00000000,    0.00000000,
R,        2014,    0.02400000,    0.00000720,    0.00032000,    0.11547005,    0.01732051,    0.00000000,
RMORE,             0.00000000,    0.00002600,    0.00000000,    0.00000000,    0.00000000,    0.00000000,
R,        2015,    0.02280000,    0.00000684,    0.00027400,    0.10962456,    0.01732051,    0.00000000,
RMORE,             0.00000000,    0.00002500,    0.00000000,    0.00000000,    0.00000000,    0.00000000,
R,        2016,    0.02160000,    0.00000648,    0.00023300,    0.10386066,    0.01732051,    0.00000000,
RMORE,             0.00000000,    0.00002300,    0.00000000,    0.00000000,    0.00000000,    0.00000000,
R,        2017,    0.02040000,    0.00000612,    0.00019700,    0.09826934,    0.01732051,    0.00000000,
RMORE,             0.00000000,    0.00002200,    0.00000000,    0.00000000,    0.00000000,    0.00000000,
R,        2018,    0.01980000,    0.00000594,    0.00018000,    0.09534626,    0.01732051,    0.00000000,
RMORE,             0.00000000,    0.00001900,    0.00000000,    0.00000000,    0.00000000,    0.00000000,
R,        3003,    0.01260000,    0.00000378,    0.00004630,    0.06061850,    0.01732051,    0.00000000,
RMORE,             0.00000000,    0.00001500,    0.00000000,    0.00000000,    0.00000000,    0.00000000,
R,        3016,    0.01980000,    0.00000594,    0.00018000,    0.09534626,    0.01732051,    0.00000000,
RMORE,             0.00000000,    0.00002000,    0.00000000,    0.00000000,    0.00000000,    0.00000000,
R,        3018,    0.01800000,    0.00000540,    0.00013500,    0.08660254,    0.01732051,    0.00000000,
RMORE,             0.00000000,    0.00001800,    0.00000000,    0.00000000,    0.00000000,    0.00000000,
R,        3019,    0.01500000,    0.00000450,    0.00007810,    0.07215723,    0.01732051,    0.00000000,
RMORE,             0.00000000,    0.00001500,    0.00000000,    0.00000000,    0.00000000,    0.00000000,
R,        3080,    0.01020000,    0.00000306,    0.00002460,    0.04910972,    0.01732051,    0.00000000,
RMORE,             0.00000000,    0.00000800,    0.00000000,    0.00000000,    0.00000000,    0.00000000,
R,         999,    0.08720000,    0.01300000,    0.01300000,    0.38611212,    0.38611212,    0.00000000,
RMORE,             0.00000000,    0.02691900,    1.98484051,    1.98484051,    0.00000000,    0.00000000,
R,        3999,    0.08720000,    0.01300000,    0.01300000,    0.38611212,    0.38611212,    0.00000000,
RMORE,             0.00000000,    0.02691900,    1.98484051,    1.98484051,    0.00000000,    0.00000000,
R,        3998,    0.08720000,    0.01300000,    0.01300000,    0.38611212,    0.38611212,    0.00000000,
RMORE,             0.00000000,    0.02691900,    1.98484051,    1.98484051,    0.00000000,    0.00000000,
R,        3997,    0.08720000,    0.01300000,    0.01300000,    0.38611212,    0.38611212,    0.00000000,
RMORE,             0.00000000,    0.02691900,    1.98484051,    1.98484051,    0.00000000,    0.00000000,
