      1                 -0.37358E-01   -0.74436E-01
      2                 -0.30142E-01   -0.74436E-01
      3                 -0.30142E-01   -0.72897E-01
      4                 -0.37358E-01   -0.72897E-01
      5                 -0.24858E-01   -0.74436E-01
      6                 -0.17642E-01   -0.74436E-01
      7                 -0.17642E-01   -0.72897E-01
      8                 -0.24858E-01   -0.72897E-01
      9                 -0.12358E-01   -0.74436E-01
     10                 -0.51416E-02   -0.74436E-01
     11                 -0.51416E-02   -0.72897E-01
     12                 -0.12358E-01   -0.72897E-01
     13                 -0.21478E-02   -0.74436E-01
     14                 -0.11855E-02   -0.74436E-01
     15                 -0.11855E-02   -0.72897E-01
     16                 -0.21478E-02   -0.72897E-01
     17                 -0.48113E-03   -0.74436E-01
     18                  0.48113E-03   -0.74436E-01
     19                  0.48113E-03   -0.72897E-01
     20                 -0.48113E-03   -0.72897E-01
     21                  0.11855E-02   -0.74436E-01
     22                  0.21478E-02   -0.74436E-01
     23                  0.21478E-02   -0.72897E-01
     24                  0.11855E-02   -0.72897E-01
     25                  0.51416E-02   -0.74436E-01
     26                  0.12358E-01   -0.74436E-01
     27                  0.12358E-01   -0.72897E-01
     28                  0.51416E-02   -0.72897E-01
     29                  0.17642E-01   -0.74436E-01
     30                  0.24858E-01   -0.74436E-01
     31                  0.24858E-01   -0.72897E-01
     32                  0.17642E-01   -0.72897E-01
     33                  0.30142E-01   -0.74436E-01
     34                  0.37358E-01   -0.74436E-01
     35                  0.37358E-01   -0.72897E-01
     36                  0.30142E-01   -0.72897E-01
     37                 -0.37358E-01   -0.71770E-01
     38                 -0.30142E-01   -0.71770E-01
     39                 -0.30142E-01   -0.70230E-01
     40                 -0.37358E-01   -0.70230E-01
     41                 -0.24858E-01   -0.71770E-01
     42                 -0.17642E-01   -0.71770E-01
     43                 -0.17642E-01   -0.70230E-01
     44                 -0.24858E-01   -0.70230E-01
     45                 -0.12358E-01   -0.71770E-01
     46                 -0.51416E-02   -0.71770E-01
     47                 -0.51416E-02   -0.70230E-01
     48                 -0.12358E-01   -0.70230E-01
     49                 -0.21478E-02   -0.71770E-01
     50                 -0.11855E-02   -0.71770E-01
     51                 -0.11855E-02   -0.70230E-01
     52                 -0.21478E-02   -0.70230E-01
     53                 -0.48113E-03   -0.71770E-01
     54                  0.48113E-03   -0.71770E-01
     55                  0.48113E-03   -0.70230E-01
     56                 -0.48113E-03   -0.70230E-01
     57                  0.11855E-02   -0.71770E-01
     58                  0.21478E-02   -0.71770E-01
     59                  0.21478E-02   -0.70230E-01
     60                  0.11855E-02   -0.70230E-01
     61                  0.51416E-02   -0.71770E-01
     62                  0.12358E-01   -0.71770E-01
     63                  0.12358E-01   -0.70230E-01
     64                  0.51416E-02   -0.70230E-01
     65                  0.17642E-01   -0.71770E-01
     66                  0.24858E-01   -0.71770E-01
     67                  0.24858E-01   -0.70230E-01
     68                  0.17642E-01   -0.70230E-01
     69                  0.30142E-01   -0.71770E-01
     70                  0.37358E-01   -0.71770E-01
     71                  0.37358E-01   -0.70230E-01
     72                  0.30142E-01   -0.70230E-01
     73                 -0.37358E-01   -0.69103E-01
     74                 -0.30142E-01   -0.69103E-01
     75                 -0.30142E-01   -0.67564E-01
     76                 -0.37358E-01   -0.67564E-01
     77                 -0.24858E-01   -0.69103E-01
     78                 -0.17642E-01   -0.69103E-01
     79                 -0.17642E-01   -0.67564E-01
     80                 -0.24858E-01   -0.67564E-01
     81                 -0.12358E-01   -0.69103E-01
     82                 -0.51416E-02   -0.69103E-01
     83                 -0.51416E-02   -0.67564E-01
     84                 -0.12358E-01   -0.67564E-01
     85                 -0.21478E-02   -0.69103E-01
     86                 -0.11855E-02   -0.69103E-01
     87                 -0.11855E-02   -0.67564E-01
     88                 -0.21478E-02   -0.67564E-01
     89                 -0.48113E-03   -0.69103E-01
     90                  0.48113E-03   -0.69103E-01
     91                  0.48113E-03   -0.67564E-01
     92                 -0.48113E-03   -0.67564E-01
     93                  0.11855E-02   -0.69103E-01
     94                  0.21478E-02   -0.69103E-01
     95                  0.21478E-02   -0.67564E-01
     96                  0.11855E-02   -0.67564E-01
     97                  0.51416E-02   -0.69103E-01
     98                  0.12358E-01   -0.69103E-01
     99                  0.12358E-01   -0.67564E-01
    100                  0.51416E-02   -0.67564E-01
    101                  0.17642E-01   -0.69103E-01
    102                  0.24858E-01   -0.69103E-01
    103                  0.24858E-01   -0.67564E-01
    104                  0.17642E-01   -0.67564E-01
    105                  0.30142E-01   -0.69103E-01
    106                  0.37358E-01   -0.69103E-01
    107                  0.37358E-01   -0.67564E-01
    108                  0.30142E-01   -0.67564E-01
    109                 -0.21478E-02   -0.62280E-01
    110                 -0.11855E-02   -0.62280E-01
    111                 -0.11855E-02   -0.49386E-01
    112                 -0.21478E-02   -0.49386E-01
    113                 -0.48113E-03   -0.62280E-01
    114                  0.48113E-03   -0.62280E-01
    115                  0.48113E-03   -0.49386E-01
    116                 -0.48113E-03   -0.49386E-01
    117                  0.11855E-02   -0.62280E-01
    118                  0.21478E-02   -0.62280E-01
    119                  0.21478E-02   -0.49386E-01
    120                  0.11855E-02   -0.49386E-01
    121                 -0.21478E-02   -0.39947E-01
    122                 -0.11855E-02   -0.39947E-01
    123                 -0.11855E-02   -0.27053E-01
    124                 -0.21478E-02   -0.27053E-01
    125                 -0.48113E-03   -0.39947E-01
    126                  0.48113E-03   -0.39947E-01
    127                  0.48113E-03   -0.27053E-01
    128                 -0.48113E-03   -0.27053E-01
    129                  0.11855E-02   -0.39947E-01
    130                  0.21478E-02   -0.39947E-01
    131                  0.21478E-02   -0.27053E-01
    132                  0.11855E-02   -0.27053E-01
    133                 -0.21478E-02   -0.17614E-01
    134                 -0.11855E-02   -0.17614E-01
    135                 -0.11855E-02   -0.47196E-02
    136                 -0.21478E-02   -0.47196E-02
    137                 -0.48113E-03   -0.17614E-01
    138                  0.48113E-03   -0.17614E-01
    139                  0.48113E-03   -0.47196E-02
    140                 -0.48113E-03   -0.47196E-02
    141                  0.11855E-02   -0.17614E-01
    142                  0.21478E-02   -0.17614E-01
    143                  0.21478E-02   -0.47196E-02
    144                  0.11855E-02   -0.47196E-02
    145                 -0.21478E-02    0.47196E-02
    146                 -0.11855E-02    0.47196E-02
    147                 -0.11855E-02    0.17614E-01
    148                 -0.21478E-02    0.17614E-01
    149                 -0.48113E-03    0.47196E-02
    150                  0.48113E-03    0.47196E-02
    151                  0.48113E-03    0.17614E-01
    152                 -0.48113E-03    0.17614E-01
    153                  0.11855E-02    0.47196E-02
    154                  0.21478E-02    0.47196E-02
    155                  0.21478E-02    0.17614E-01
    156                  0.11855E-02    0.17614E-01
    157                 -0.21478E-02    0.27053E-01
    158                 -0.11855E-02    0.27053E-01
    159                 -0.11855E-02    0.39947E-01
    160                 -0.21478E-02    0.39947E-01
    161                 -0.48113E-03    0.27053E-01
    162                  0.48113E-03    0.27053E-01
    163                  0.48113E-03    0.39947E-01
    164                 -0.48113E-03    0.39947E-01
    165                  0.11855E-02    0.27053E-01
    166                  0.21478E-02    0.27053E-01
    167                  0.21478E-02    0.39947E-01
    168                  0.11855E-02    0.39947E-01
    169                 -0.21478E-02    0.49386E-01
    170                 -0.11855E-02    0.49386E-01
    171                 -0.11855E-02    0.62280E-01
    172                 -0.21478E-02    0.62280E-01
    173                 -0.48113E-03    0.49386E-01
    174                  0.48113E-03    0.49386E-01
    175                  0.48113E-03    0.62280E-01
    176                 -0.48113E-03    0.62280E-01
    177                  0.11855E-02    0.49386E-01
    178                  0.21478E-02    0.49386E-01
    179                  0.21478E-02    0.62280E-01
    180                  0.11855E-02    0.62280E-01
    181                 -0.37358E-01    0.67564E-01
    182                 -0.30142E-01    0.67564E-01
    183                 -0.30142E-01    0.69103E-01
    184                 -0.37358E-01    0.69103E-01
    185                 -0.24858E-01    0.67564E-01
    186                 -0.17642E-01    0.67564E-01
    187                 -0.17642E-01    0.69103E-01
    188                 -0.24858E-01    0.69103E-01
    189                 -0.12358E-01    0.67564E-01
    190                 -0.51416E-02    0.67564E-01
    191                 -0.51416E-02    0.69103E-01
    192                 -0.12358E-01    0.69103E-01
    193                 -0.21478E-02    0.67564E-01
    194                 -0.11855E-02    0.67564E-01
    195                 -0.11855E-02    0.69103E-01
    196                 -0.21478E-02    0.69103E-01
    197                 -0.48113E-03    0.67564E-01
    198                  0.48113E-03    0.67564E-01
    199                  0.48113E-03    0.69103E-01
    200                 -0.48113E-03    0.69103E-01
    201                  0.11855E-02    0.67564E-01
    202                  0.21478E-02    0.67564E-01
    203                  0.21478E-02    0.69103E-01
    204                  0.11855E-02    0.69103E-01
    205                  0.51416E-02    0.67564E-01
    206                  0.12358E-01    0.67564E-01
    207                  0.12358E-01    0.69103E-01
    208                  0.51416E-02    0.69103E-01
    209                  0.17642E-01    0.67564E-01
    210                  0.24858E-01    0.67564E-01
    211                  0.24858E-01    0.69103E-01
    212                  0.17642E-01    0.69103E-01
    213                  0.30142E-01    0.67564E-01
    214                  0.37358E-01    0.67564E-01
    215                  0.37358E-01    0.69103E-01
    216                  0.30142E-01    0.69103E-01
    217                 -0.37358E-01    0.70230E-01
    218                 -0.30142E-01    0.70230E-01
    219                 -0.30142E-01    0.71770E-01
    220                 -0.37358E-01    0.71770E-01
    221                 -0.24858E-01    0.70230E-01
    222                 -0.17642E-01    0.70230E-01
    223                 -0.17642E-01    0.71770E-01
    224                 -0.24858E-01    0.71770E-01
    225                 -0.12358E-01    0.70230E-01
    226                 -0.51416E-02    0.70230E-01
    227                 -0.51416E-02    0.71770E-01
    228                 -0.12358E-01    0.71770E-01
    229                 -0.21478E-02    0.70230E-01
    230                 -0.11855E-02    0.70230E-01
    231                 -0.11855E-02    0.71770E-01
    232                 -0.21478E-02    0.71770E-01
    233                 -0.48113E-03    0.70230E-01
    234                  0.48113E-03    0.70230E-01
    235                  0.48113E-03    0.71770E-01
    236                 -0.48113E-03    0.71770E-01
    237                  0.11855E-02    0.70230E-01
    238                  0.21478E-02    0.70230E-01
    239                  0.21478E-02    0.71770E-01
    240                  0.11855E-02    0.71770E-01
    241                  0.51416E-02    0.70230E-01
    242                  0.12358E-01    0.70230E-01
    243                  0.12358E-01    0.71770E-01
    244                  0.51416E-02    0.71770E-01
    245                  0.17642E-01    0.70230E-01
    246                  0.24858E-01    0.70230E-01
    247                  0.24858E-01    0.71770E-01
    248                  0.17642E-01    0.71770E-01
    249                  0.30142E-01    0.70230E-01
    250                  0.37358E-01    0.70230E-01
    251                  0.37358E-01    0.71770E-01
    252                  0.30142E-01    0.71770E-01
    253                 -0.37358E-01    0.72897E-01
    254                 -0.30142E-01    0.72897E-01
    255                 -0.30142E-01    0.74436E-01
    256                 -0.37358E-01    0.74436E-01
    257                 -0.24858E-01    0.72897E-01
    258                 -0.17642E-01    0.72897E-01
    259                 -0.17642E-01    0.74436E-01
    260                 -0.24858E-01    0.74436E-01
    261                 -0.12358E-01    0.72897E-01
    262                 -0.51416E-02    0.72897E-01
    263                 -0.51416E-02    0.74436E-01
    264                 -0.12358E-01    0.74436E-01
    265                 -0.21478E-02    0.72897E-01
    266                 -0.11855E-02    0.72897E-01
    267                 -0.11855E-02    0.74436E-01
    268                 -0.21478E-02    0.74436E-01
    269                 -0.48113E-03    0.72897E-01
    270                  0.48113E-03    0.72897E-01
    271                  0.48113E-03    0.74436E-01
    272                 -0.48113E-03    0.74436E-01
    273                  0.11855E-02    0.72897E-01
    274                  0.21478E-02    0.72897E-01
    275                  0.21478E-02    0.74436E-01
    276                  0.11855E-02    0.74436E-01
    277                  0.51416E-02    0.72897E-01
    278                  0.12358E-01    0.72897E-01
    279                  0.12358E-01    0.74436E-01
    280                  0.51416E-02    0.74436E-01
    281                  0.17642E-01    0.72897E-01
    282                  0.24858E-01    0.72897E-01
    283                  0.24858E-01    0.74436E-01
    284                  0.17642E-01    0.74436E-01
    285                  0.30142E-01    0.72897E-01
    286                  0.37358E-01    0.72897E-01
    287                  0.37358E-01    0.74436E-01
    288                  0.30142E-01    0.74436E-01
